# oST version 5.0 parameters


[image]

width
640

height
480

[narrow_stereo]

camera matrix
722.495981 0.000000 351.659402
0.000000 741.388051 31.913110
0.000000 0.000000 1.000000

distortion
-0.108025 -0.014359 -0.017519 -0.002692 0.000000

rectification
1.000000 0.000000 0.000000
0.000000 1.000000 0.000000
0.000000 0.000000 1.000000

projection
705.854126 0.000000 351.440127 0.000000
0.000000 684.444397 27.115227 0.000000
0.000000 0.000000 1.000000 0.000000
